cosmicds/data/spectra/SDSS_J143450.62+033842.5_S.ecsv
# %ECSV 0.9
# ---
# datatype:
# - {name: wavelength, unit: Angstrom, datatype: float64}
# - {name: flux, unit: 1e-16 erg / (Angstrom cm2 s), datatype: float64}
# - {name: uncertainty, unit: 1e-16 erg / (Angstrom cm2 s), datatype: float64}
# - {name: subtracted_sky, unit: 1e-16 erg / (Angstrom cm2 s), datatype: float64}
# meta: !!omap
# - comments: [Wavelength          Flux                Uncertainty          Subtracted Sky, '[Angstrom]   [10^-17 erg/s/cm^2/A] [10^-17
#       erg/s/cm^2/A] [10^-17 erg/s/cm^2/A]']
# schema: astropy-2.0
wavelength flux uncertainty subtracted_sky
[from data line 939]
4719.54 28.018 1.328472 1.189838
4720.63 25.1222 1.31747 -1.691908
4721.72 30.6529 1.395048 3.835526
4722.8 26.3807 1.342244 -0.402761
4723.89 24.7091 1.33226 -2.07436
4724.98 27.1341 1.348757 0.349281
4726.07 25.5121 1.33083 -1.272718
4727.16 25.1035 1.305059 -1.681318
4728.25 25.4065 1.298754 -1.380079
4729.33 26.6443 1.325559 -0.142603
4730.42 26.5755 1.328846 -0.215866
4731.51 25.1218 1.32303 -1.682861
4732.6 25.2472 1.329386 -1.581776
4733.69 28.6028 1.386806 1.7358
4734.78 26.8409 1.671106 -0.041838
4735.87 26.4134 1.686381 -0.507736
4736.96 27.7133 1.393632 0.754686
4738.05 27.5913 1.386748 0.594238
4739.15 25.3129 1.364029 -1.722507
4740.24 25.3805 1.363522 -1.692905
4741.33 28.368 1.407654 1.260479
4742.42 28.5811 1.446292 1.439093
4743.51 28.9986 1.445037 1.856592
4744.6 28.0839 1.406624 0.908064
4745.7 24.96 1.318698 -2.248669
4746.79 27.5726 1.354077 0.362206
4747.88 27.1646 1.674624 -0.076838
4748.98 27.967 1.740297 0.694471
4750.07 29.5017 1.549131 2.260262
4751.16 29.8063 1.412205 2.533772
4752.26 28.4543 1.391123 1.181772
4753.35 27.0825 1.346238 -0.162088
4754.45 27.4969 1.35677 0.263143
4755.54 28.0682 1.343935 0.834442
4756.64 27.5978 1.351691 0.341555
4757.73 28.4422 1.341599 1.185955
4758.83 29.9089 1.352622 2.652655
4759.92 25.6206 1.305096 -1.632124
4761.02 29.8896 1.348558 2.636877
4762.12 29.4327 1.352053 2.179976
4763.21 27.5771 1.327761 0.324377
4764.31 28.9378 1.330579 1.685076
4765.41 30.125 1.338902 2.884703
4766.5 25.5861 1.280674 -1.649746
4767.6 29.04 1.297157 1.773151
4768.7 28.7539 1.344847 1.478294
4769.8 29.1112 1.338119 1.875526
4770.9 28.8384 1.35045 1.641375
4772.0 25.4427 1.273118 -1.754326
4773.09 28.1978 1.292922 1.030849
4774.19 25.7227 1.258919 -1.406515
4775.29 25.3788 1.245407 -1.79118
4776.39 27.5066 1.297691 0.299278
4777.49 28.0371 1.311522 0.829779
4778.59 26.241 1.288253 -0.92556
4779.69 27.0079 1.276656 -0.199421
4780.79 24.2003 1.209705 -2.966259
4781.89 24.3811 1.245262 -2.778978
4783.0 24.545 1.249328 -2.656639
4784.1 23.5564 1.236167 -3.645239
4785.2 24.833 1.238696 -2.327509
4786.3 29.2452 1.278873 2.12776
4787.4 27.8135 1.253705 0.73674
4788.51 26.0289 1.248485 -1.010948
4789.61 27.1772 1.277225 0.137352
4790.71 27.7293 1.301667 0.647699
4791.81 25.6735 1.278449 -1.366348
4792.92 27.7149 1.29802 0.71763
4794.02 28.2284 1.33024 1.231131
4795.13 27.014 1.309209 0.016731
4796.23 27.0296 1.289712 0.030239
4797.33 28.6615 1.281235 1.703844
4798.44 28.4058 1.287584 1.436487
4799.54 23.8312 1.208222 -3.138113
4800.65 26.0627 1.236307 -0.931482
4801.76 25.178 1.209926 -1.791332
4802.86 25.8791 1.242971 -1.131071
4803.97 27.483 1.219969 0.472828
4805.07 26.0279 1.22278 -1.007015
4806.18 27.0526 1.231466 -0.016067
4807.29 25.8571 1.23349 -1.207052
4808.39 28.0266 1.284016 0.921768
4809.5 28.3458 1.278235 1.281649
4810.61 26.9694 1.283578 -0.121763
4811.72 28.0919 1.28393 1.000736
4812.82 29.0354 1.29345 1.986856
4813.93 29.449 1.282215 2.442144
4815.04 27.371 1.243673 0.349224
4816.15 26.3883 1.233475 -0.660086
4817.26 27.6242 1.254533 0.617449
4818.37 28.9277 1.282801 1.964979
4819.48 29.1857 1.299209 2.267061
4820.59 29.2826 1.313097 2.363962
4821.7 28.8644 1.310658 1.977903
4822.81 28.9081 1.363838 2.008938
4823.92 28.7255 1.343953 1.868286
4825.03 27.9285 1.289102 1.113237
4826.14 28.6651 1.269722 1.89147
4827.25 26.5312 1.237937 -0.21126
4828.36 29.0799 1.27377 2.380445
4829.48 28.8026 1.2618 2.138973
4830.59 26.7495 1.237624 0.126591
4831.7 27.8576 1.261591 1.276579
4832.81 25.2025 1.249716 -1.350044
4833.93 28.6328 1.284161 2.080256
4835.04 26.2098 1.248298 -0.304791
4836.15 24.6986 1.188077 -1.778532
4837.27 25.4795 1.234019 -0.960421
4838.38 23.7265 1.17302 -2.673967
4839.49 23.07 1.200984 -3.337969
4840.61 24.5832 1.252497 -1.824768
4841.72 26.5081 1.280864 0.120043
4842.84 25.8274 1.243976 -0.528345
4843.95 23.7395 1.171325 -2.648558
4845.07 23.9372 1.174282 -2.450857
4846.19 26.4643 1.205179 0.040678
4847.3 26.8029 1.26938 0.342625
4848.42 28.0387 1.3015 1.589849
4849.53 28.4004 1.260087 1.986778
4850.65 26.4445 1.216586 0.039463
4851.77 24.9602 1.2036 -1.444838
4852.89 28.1164 1.245318 1.6758
4854.0 26.7298 1.251285 0.2892
4855.12 27.7474 1.314608 1.306801
4856.24 27.6231 1.311457 1.176334
4857.36 25.2331 1.273258 -1.204887
4858.48 25.5692 1.247798 -0.868788
4859.59 30.3248 1.29023 3.885536
4860.71 25.5489 1.193464 -0.881374
4861.83 25.0504 1.193949 -1.379875
4862.95 26.3823 1.22235 -0.047976
4864.07 25.4229 1.20188 -1.007376
4865.19 24.0244 1.188205 -2.398645
4866.31 25.1266 1.216903 -1.268497
4867.43 24.0147 1.246717 -2.352612
4868.55 25.4747 1.278673 -0.89261
4869.68 25.9034 1.26881 -0.470396
4870.8 25.1778 1.234727 -1.224072
4871.92 25.6063 1.203409 -0.79557
4873.04 24.4003 1.195121 -1.997944
4874.16 26.449 1.223416 0.022913
4875.28 25.8098 1.214295 -0.616287
4876.41 26.7263 1.24718 0.300213
4877.53 27.1347 1.264237 0.736458
4878.65 24.4956 1.247614 -1.874319
4879.78 28.3758 1.279647 2.00588
4880.9 26.3642 1.26324 0.021891
4882.03 27.1621 1.262553 0.81979
4883.15 27.7058 1.275009 1.363489
4884.27 25.77 1.325176 -0.554485
4885.4 24.953 1.33425 -1.343351
4886.52 27.7127 1.306896 1.437046
4887.65 26.2099 1.301687 -0.065754
4888.77 26.0182 1.271759 -0.257454
4889.9 26.3589 1.258109 0.083246
4891.03 26.8151 1.243058 0.539446
4892.15 27.1599 1.248539 0.884247
4893.28 24.3341 1.207032 -1.941553
4894.41 26.3739 1.240544 0.123358
4895.53 25.5853 1.221437 -0.656948
4896.66 26.6388 1.250188 0.426207
4897.79 27.8948 1.23841 1.71014
4898.92 25.0171 1.230914 -1.195494
4900.04 25.8084 1.218548 -0.404194
4901.17 25.6395 1.217722 -0.557095
4902.3 23.5173 1.216912 -2.71216
4903.43 22.8951 1.234538 -3.33436
4904.56 24.1892 1.266416 -2.069189
4905.69 25.3472 1.291999 -0.911188
4906.82 26.3658 1.301683 0.133703
4907.95 25.5095 1.267488 -0.731569
4909.08 26.0092 1.255891 -0.259808
4910.21 25.9427 1.238501 -0.356571
4911.34 25.1451 1.226845 -1.131493
4912.47 26.1452 1.242818 -0.131391
4913.6 28.6499 1.268415 2.373308
4914.73 26.4318 1.242795 0.146746
4915.87 27.3974 1.249343 1.08046
4917.0 27.7783 1.24235 1.462524
4918.13 27.0962 1.235279 0.780426
4919.26 28.1451 1.256512 1.860044
4920.4 26.6994 1.200903 0.383625
4921.53 23.6953 1.162083 -2.620476
4922.66 25.9357 1.164793 -0.380076
4923.8 27.5418 1.21715 1.197027
4924.93 25.187 1.155128 -1.186676
4926.06 23.2137 1.143627 -3.173765
4927.2 26.1847 1.184042 -0.23234
4928.33 26.7324 1.202742 0.285307
4929.47 27.7885 1.222745 1.326075
4930.6 26.5782 1.212781 0.104246
4931.74 25.0689 1.201481 -1.421083
4932.87 27.4898 1.231972 0.983402
4934.01 29.1807 1.244977 2.66403
4935.15 26.5688 1.196365 0.03632
4936.28 26.0337 1.162578 -0.499611
4937.42 26.0351 1.184295 -0.505995
4938.56 26.2248 1.188748 -0.299324
4939.69 27.0322 1.201671 0.491104
4940.83 24.6857 1.182048 -1.838425
4941.97 26.6391 1.20181 0.106979
4943.11 28.7418 1.24053 2.224575
4944.25 27.6238 1.207313 1.125177
4945.38 25.2378 1.167824 -1.294319
4946.52 25.4402 1.16528 -1.077024
4947.66 26.9151 1.187794 0.380802
4948.8 24.2246 1.176335 -2.324478
4949.94 27.115 1.182118 0.555357
4951.08 27.047 1.18275 0.487053
4952.22 24.1839 1.15554 -2.376047
4953.36 26.1214 1.217557 -0.475813
4954.5 27.2521 1.258914 0.62813
4955.64 27.511 1.254554 0.871679
4956.78 27.3665 1.225564 0.727181
4957.93 27.2884 1.197976 0.609163
4959.07 27.411 1.186957 0.69495
4960.21 27.38 1.173615 0.627205
4961.35 26.3708 1.163334 -0.416172
4962.49 23.9511 1.135882 -2.865173
4963.64 24.8495 1.179018 -1.983673
4964.78 26.9433 1.219361 0.110127
4965.92 27.175 1.229946 0.341826
4967.07 25.6749 1.171186 -1.174353
4968.21 25.5289 1.162652 -1.320353
4969.35 26.6761 1.193704 -0.173153
4970.5 25.7102 1.171524 -1.139053
4971.64 25.1074 1.215407 -1.741852
4972.79 26.1098 1.214972 -0.714062
4973.93 27.1338 1.212672 0.335983
4975.08 27.3779 1.209034 0.605827
4976.22 27.0284 1.197688 0.287273
4977.37 26.8555 1.238213 0.096094
4978.52 26.8555 1.242051 0.066471
4979.66 26.714 1.290053 -0.073832
4980.81 26.6493 1.266715 -0.166668
4981.96 27.3749 1.283726 0.534363
4983.1 26.683 1.257028 -0.177969
4984.25 25.9915 1.222909 -0.889131
4985.4 26.8206 1.23145 -0.06002
4986.55 27.6229 1.248226 0.738348
4987.7 26.7276 1.251913 -0.179703
4988.84 27.0989 1.265882 0.214348
4989.99 28.3095 1.285702 1.424948
4991.14 31.7074 1.309647 4.822847
4992.29 31.224 1.284883 4.316698
4993.44 29.4326 1.260846 2.504292
4994.59 31.6137 1.291851 4.701654
4995.74 30.1023 1.292652 3.190254
4996.89 33.216 1.30794 6.303953
4998.04 34.0111 1.325883 7.120062
4999.19 35.5793 1.344651 8.688261
5000.35 40.8363 1.439631 13.94526
5001.5 45.6301 1.509075 18.75357
5002.65 42.1308 1.461381 15.25426
5003.8 34.245 1.342512 7.368465
5004.95 30.0697 1.271098 3.192972
5006.11 29.9693 1.283153 3.092571
5007.26 29.8775 1.299423 3.024149
5008.41 28.5504 1.268249 1.720749
5009.56 30.8283 1.275781 4.022345
5010.72 28.0269 1.218781 1.254271
5011.87 27.2439 1.18231 0.509109
5013.03 27.4713 1.177312 0.780424
5014.18 27.6996 1.183584 0.972946
5015.34 28.53 1.19907 1.778734
5016.49 27.4068 1.211645 0.699451
5017.65 27.4882 1.218152 0.832025
5018.8 27.7216 1.192843 1.014252
5019.96 27.5347 1.170541 0.781378
5021.11 26.8824 1.161839 0.156296
5022.27 25.731 1.169533 -1.047977
5023.43 24.6697 1.291447 -2.135721
5024.58 26.9286 1.215225 0.123178
5025.74 26.4714 1.168373 -0.307579
5026.9 25.5469 1.156816 -1.19602
5028.05 24.8586 1.114612 -1.840788
5029.21 23.072 1.108635 -3.636011
5030.37 23.609 1.108762 -3.065199
5031.53 24.2101 1.113663 -2.424984
5032.69 26.0672 1.132852 -0.5257
5033.85 27.0501 1.156207 0.457201
5035.01 27.0046 1.150123 0.398558
5036.17 27.8716 1.167723 1.265556
5037.33 28.7857 1.171798 2.156857
5038.49 26.9762 1.150772 0.369139
5039.65 27.6569 1.180267 1.085825
5040.81 27.0468 1.167932 0.501316
5041.97 26.739 1.168322 0.166948
5043.13 29.4472 1.168307 2.875149
5044.29 25.7079 1.130151 -0.864153
5045.45 26.052 1.126078 -0.520052
5046.61 28.5003 1.165782 1.928247
5047.78 28.7252 1.181697 2.153149
5048.94 26.772 1.165991 0.199947
5050.1 25.9419 1.15368 -0.630152
5051.26 26.6676 1.152266 0.095549
5052.43 24.0445 1.14791 -2.527552
5053.59 24.7835 1.169081 -1.788551
5054.75 25.7803 1.178976 -0.791752
5055.92 26.0603 1.169652 -0.511751
5057.08 27.3986 1.16786 0.855415
5058.25 25.9974 1.142302 -0.514055
5059.41 26.2406 1.125563 -0.23996
5060.58 24.2849 1.114523 -2.161196
5061.74 23.5736 1.087694 -2.844934
5062.91 24.2022 1.107404 -2.180655
5064.07 23.5467 1.106015 -2.812523
5065.24 25.3392 1.138037 -0.953733
5066.41 26.6344 1.149194 0.403267
5067.57 25.718 1.153168 -0.526375
5068.74 26.0924 1.131758 -0.209227
5069.91 27.8686 1.175477 1.566975
5071.07 27.6309 1.181749 1.306732
5072.24 26.1017 1.177526 -0.281776
5073.41 28.5142 1.204115 2.0618
5074.58 28.0178 1.188683 1.494436
5075.75 26.2461 1.144076 -0.277264
5076.92 25.4778 1.129134 -1.045563
5078.09 25.9301 1.140932 -0.527708
5079.25 28.1407 1.18507 1.682892
5080.42 24.1965 1.123488 -2.2167
5081.59 23.5302 1.127933 -2.826368
5082.76 25.8458 1.149877 -0.453968
5083.94 27.9783 1.223022 1.735785
5085.11 28.7316 1.236648 2.544931
5086.28 27.7403 1.224568 1.61134
5087.45 26.7419 1.190834 0.61294
5088.62 26.1425 1.179053 0.023701
5089.79 26.944 1.169542 0.867968
5090.96 28.6344 1.199387 2.597183
5092.14 29.4642 1.207409 3.401632
5093.31 29.1966 1.195416 3.17804
5094.48 29.2599 1.182889 3.241339
5095.65 29.0213 1.18251 3.002739
5096.83 30.1111 1.22084 4.053726
5098.0 31.2587 1.232992 5.185617
5099.18 31.7284 1.254029 5.692242
5100.35 37.8487 1.345123 11.83113
5101.52 43.0456 1.445328 16.9817
5102.7 41.4063 1.426156 15.31557
5103.87 34.8733 1.314416 8.745298
5105.05 29.781 1.254687 3.606964
5106.23 29.4381 1.243772 3.231241
5107.4 28.1116 1.217464 1.952246
5108.58 27.4888 1.187042 1.259291
5109.75 24.4654 1.140447 -1.725737
5110.93 23.6787 1.110681 -2.453255
5112.11 26.1563 1.138387 0.020563
5113.29 27.5336 1.160073 1.462469
5114.46 26.8943 1.173536 0.859152
5115.64 27.3611 1.199868 1.368902
5116.82 28.8659 1.193087 2.799616
5118.0 27.63 1.193431 1.630037
5119.18 25.0163 1.102691 -1.049984
5120.35 25.3354 1.119433 -0.813074
5121.53 26.1573 1.130216 -0.034412
5122.71 27.0225 1.163426 1.000515
5123.89 26.359 1.149311 0.481043
5125.07 24.8618 1.122178 -0.885672
5126.25 23.92 1.108043 -1.776415
5127.43 23.7137 1.097066 -1.982716
5128.61 23.1121 1.087124 -2.582365
5129.79 25.3508 1.121337 -0.409786
5130.98 24.5972 1.103581 -1.213087
5132.16 25.1288 1.117351 -0.631786
5133.34 26.7238 1.125175 0.913513
5134.52 25.1534 1.118736 -0.656887
5135.7 25.5543 1.123517 -0.228842
5136.89 25.5357 1.125039 -0.294325
5138.07 26.2488 1.141082 0.372246
5139.25 27.5755 1.167391 1.652962
5140.44 28.1821 1.172825 2.211067
5141.62 27.475 1.141078 1.552462
5142.8 27.2543 1.12797 1.155069
5143.99 27.3659 1.15993 1.257498
5145.17 30.3625 1.218076 4.263269
5146.36 32.7884 1.270767 6.679996
5147.54 38.375 1.384284 12.25707
5148.73 53.9119 1.619916 27.79201
5149.91 70.4731 1.89341 44.36473
5151.1 76.2327 2.006233 50.13372
5152.29 66.4794 1.818161 40.39102
5153.47 48.5096 1.536824 22.43139
5154.66 34.8277 1.345203 8.758518
5155.85 30.5347 1.322389 4.475573
5157.03 24.0599 1.19645 -1.990572
5158.22 24.8626 1.169091 -1.177704
5159.41 25.8388 1.185065 -0.192436
5160.6 25.1642 1.142387 -0.865177
5161.79 24.6742 1.131674 -1.345827
5162.97 25.7851 1.117482 -0.223188
5164.16 27.4631 1.142303 1.464457
5165.35 25.7846 1.129096 -0.204207
5166.54 26.8073 1.133601 0.829826
5167.73 26.1582 1.111434 0.180725
5168.92 24.5096 1.096345 -1.467875
5170.11 26.4572 1.092644 0.479725
5171.3 25.5087 1.085921 -0.468775
5172.49 26.5335 1.107912 0.556026
5173.69 26.4949 1.117176 0.517425
5174.88 27.1618 1.122647 1.184326
5176.07 27.2341 1.12006 1.256626
5177.26 25.5343 1.116048 -0.443174
5178.45 29.5956 1.15933 3.618126
5179.65 25.2041 1.120263 -0.773375
5180.84 25.7043 1.100346 -0.273174
5182.03 26.6329 1.122581 0.655426
5183.22 24.6629 1.092025 -1.314573
5184.42 23.882 1.068746 -2.095474
5185.61 22.9002 1.038729 -3.077274
5186.81 23.3643 1.026173 -2.613174
5188.0 24.5012 1.059941 -1.466232
5189.2 25.7139 1.104649 -0.242666
5190.39 27.0532 1.137447 1.107224
5191.59 28.1424 1.151622 2.217611
5192.78 27.1616 1.135503 1.256983
5193.98 24.8921 1.083704 -0.99334
5195.17 24.9393 1.073326 -0.926777
5196.37 24.9549 1.079903 -0.891916
5197.57 24.3597 1.074587 -1.477205
5198.76 24.9281 1.098914 -0.890898
5199.96 24.6714 1.145531 -1.151775
5201.16 25.4722 1.198661 -0.353783
5202.36 25.2594 1.183922 -0.557095
5203.55 26.3591 1.193026 0.542606
5204.75 29.0868 1.206873 3.254242
5205.95 29.587 1.215241 3.737349
5207.15 26.0613 1.16395 0.193273
5208.35 27.7725 1.150166 1.885511
5209.55 27.1065 1.130305 1.218119
5210.75 25.3375 1.113412 -0.544825
5211.95 25.5505 1.139646 -0.331823
5213.15 26.5922 1.137514 0.709875
5214.35 25.3206 1.099034 -0.561724
5215.55 24.3218 1.078496 -1.558994
5216.75 24.4988 1.079627 -1.364248
5217.95 24.9519 1.113252 -0.893717
5219.15 25.0978 1.107177 -0.737728
5220.35 24.9593 1.091138 -0.859205
5221.56 24.541 1.087934 -1.26046
5222.76 26.3725 1.109954 0.577095
5223.96 25.5438 1.141052 -0.236345
5225.16 24.5101 1.122488 -1.269669
5226.37 23.7755 1.081932 -2.004269
5227.57 21.5881 1.035133 -4.191668
5228.78 22.7121 1.053918 -3.073105
5229.98 25.0865 1.110312 -0.677713
5231.18 26.3845 1.133517 0.620287
5232.39 25.7344 1.113454 -0.029814
5233.59 24.9299 1.095727 -0.822704
5234.8 25.8859 1.126123 0.152317
5236.0 25.9664 1.139874 0.254055
5237.21 24.9364 1.114588 -0.758131
5238.42 26.394 1.134778 0.722176
5239.62 27.7983 1.188962 2.126476
5240.83 27.8409 1.236528 2.169077
5242.04 27.4573 1.218688 1.76277
5243.24 24.7384 1.145405 -0.963915
5244.45 24.5532 1.089453 -1.166637
5245.66 24.6997 1.087756 -1.020138
5246.87 24.1874 1.091343 -1.543608
5248.07 24.3173 1.092505 -1.415184
5249.28 25.9111 1.107474 0.183109
5250.49 26.2087 1.101967 0.480709
5251.7 25.83 1.099648 0.122564
5252.91 25.0602 1.121445 -0.636862
5254.12 24.7333 1.154902 -0.963762
5255.33 24.4704 1.120711 -1.21987
5256.54 24.1708 1.113259 -1.536741
5257.75 26.3408 1.136045 0.627668
