cosmicds/data/spectra/SDSS_J143450.62+033842.5_S.ecsv
# %ECSV 0.9
# ---
# datatype:
# - {name: wavelength, unit: Angstrom, datatype: float64}
# - {name: flux, unit: 1e-16 erg / (Angstrom cm2 s), datatype: float64}
# - {name: uncertainty, unit: 1e-16 erg / (Angstrom cm2 s), datatype: float64}
# - {name: subtracted_sky, unit: 1e-16 erg / (Angstrom cm2 s), datatype: float64}
# meta: !!omap
# - comments: [Wavelength          Flux                Uncertainty          Subtracted Sky, '[Angstrom]   [10^-17 erg/s/cm^2/A] [10^-17
#       erg/s/cm^2/A] [10^-17 erg/s/cm^2/A]']
# schema: astropy-2.0
wavelength flux uncertainty subtracted_sky
[from data line 3289]
8107.74 25.3085 0.963849 1.199812
8109.61 24.7589 0.881555 0.657591
8111.48 24.4579 0.849072 0.364027
8113.35 24.1186 0.850779 0.031691
8115.21 23.8662 0.837928 -0.215408
8117.08 24.9906 0.856433 0.912859
8118.95 25.7961 0.880659 1.714493
8120.82 23.7395 0.855896 -0.341377
8122.69 24.1849 0.841666 0.104023
8124.56 23.004 0.830997 -1.076878
8126.43 23.318 0.85647 -0.760311
8128.31 23.6626 0.865764 -0.422823
8130.18 23.1599 0.853607 -0.933119
8132.05 23.6341 0.851368 -0.455671
8133.92 23.0613 0.841639 -1.031719
8135.8 23.6925 0.861544 -0.397272
8137.67 24.5988 0.854845 0.512182
8139.54 23.9303 0.860141 -0.163714
8141.42 22.6617 0.870418 -1.432314
8143.29 23.2508 0.910446 -0.843214
8145.17 23.1 0.900737 -0.989771
8147.04 23.8058 0.881682 -0.279623
8148.92 22.9929 0.925986 -1.095947
8150.8 22.7156 0.956796 -1.375082
8152.67 23.6515 0.937182 -0.431496
8154.55 23.0604 0.845813 -1.015259
8156.43 22.3116 0.808278 -1.76326
8158.31 23.8334 0.846325 -0.241459
8160.18 23.3707 0.822398 -0.709368
8162.06 23.0828 0.8561 -1.005451
8163.94 24.1175 0.882602 0.029249
8165.82 23.2054 0.899857 -0.882851
8167.7 21.5753 0.872025 -2.512951
8169.59 23.7068 0.872779 -0.389341
8171.47 24.7076 0.876001 0.611458
8173.35 23.1608 0.851469 -0.927744
8175.23 22.3788 0.84472 -1.717474
8177.11 24.8517 0.853962 0.755426
8179.0 24.8334 1.065169 0.744856
8180.88 25.5533 1.111346 1.460417
8182.76 24.2678 0.912183 0.179255
8184.65 23.551 0.943917 -0.537373
8186.53 24.0557 0.902124 -0.032673
8188.42 22.9707 0.906737 -1.125084
8190.3 24.6418 0.965807 0.553863
8192.19 26.1366 0.995353 2.040817
8194.08 25.3569 0.965308 1.253387
8195.96 24.4088 0.95132 0.300709
8197.85 24.329 0.993327 0.21731
8199.74 24.076 0.994978 -0.04015
8201.63 25.7148 0.962924 1.590609
8203.52 24.1244 0.900791 0.007198
8205.4 24.36 0.908097 0.250839
8207.29 24.1924 0.873511 0.091274
8209.18 23.222 0.855918 -0.887161
8211.07 24.8862 0.879065 0.768999
8212.97 22.7365 1.045264 -1.380701
8214.86 24.0747 0.94183 -0.05052
8216.75 23.6465 0.871472 -0.474173
8218.64 23.8475 0.865754 -0.275824
8220.53 25.4097 0.885924 1.278219
8222.43 23.9184 0.86213 -0.215368
8224.32 23.8211 0.843115 -0.312668
8226.21 23.7435 0.84481 -0.382111
8228.11 23.7036 0.85761 -0.41399
8230.0 23.3289 0.873978 -0.795
8231.9 23.1298 0.914469 -1.002281
8233.79 23.6324 0.918751 -0.499682
8235.69 22.0083 0.861413 -2.115599
8237.59 23.1806 0.837523 -0.951483
8239.48 23.5269 0.856316 -0.611258
8241.38 23.5093 0.85659 -0.621883
8243.28 24.1646 0.884225 0.033438
8245.18 24.2123 0.889738 0.089298
8247.08 24.2835 0.893513 0.16046
8248.98 23.9393 0.891703 -0.187569
8250.87 24.0913 0.904701 -0.031742
8252.77 24.5182 0.916214 0.398878
8254.68 24.7617 0.878441 0.642378
8256.58 24.8676 0.877892 0.756197
8258.48 24.6854 0.918433 0.581982
8260.38 24.4156 0.918851 0.313036
8262.28 23.921 0.896189 -0.18305
8264.18 24.1494 0.877068 0.045351
8266.09 24.7809 0.890775 0.685314
8267.99 24.3315 0.878065 0.240488
8269.9 24.3706 0.887874 0.271711
8271.8 24.1645 0.908693 0.074303
8273.7 24.2298 0.869753 0.148594
8275.61 24.5486 0.901629 0.468195
8277.52 23.9101 0.868568 -0.165817
8279.42 22.297 0.966443 -1.78274
8281.33 24.1022 1.184129 0.026911
8283.24 21.4068 1.30281 -2.67717
8285.14 24.1025 1.412422 0.022825
8287.05 25.7414 1.323279 1.670406
8288.96 22.551 1.252156 -1.516321
8290.87 23.7453 1.457282 -0.328028
8292.78 27.8266 1.681672 3.76198
8294.69 26.2936 1.368512 2.232447
8296.6 23.7529 1.026677 -0.308254
8298.51 22.7769 1.066891 -1.284254
8300.42 23.8713 1.460745 -0.193945
8302.33 25.9567 1.731722 1.900322
8304.24 23.3344 1.598368 -0.713081
8306.15 23.5962 1.149219 -0.447481
8308.07 22.4542 1.001548 -1.589481
8309.98 22.3481 0.937903 -1.686737
8311.89 23.9253 0.977498 -0.100756
8313.81 23.5312 1.141703 -0.486196
8315.72 27.3034 1.209948 3.290627
8317.64 25.0081 1.009488 0.994005
8319.55 23.0484 0.919434 -0.960262
8321.47 23.7263 0.96944 -0.273924
8323.39 24.4552 0.959377 0.463518
8325.3 23.4632 0.909147 -0.520355
8327.22 23.6613 0.888 -0.314051
8329.14 24.1639 0.869122 0.194025
8331.05 24.0056 0.884219 0.043795
8332.97 23.7405 0.925307 -0.216888
8334.89 23.6582 0.944616 -0.297464
8336.81 23.3667 0.922006 -0.580568
8338.73 23.8318 0.891111 -0.115299
8340.65 23.5667 0.904738 -0.371813
8342.57 23.7746 0.946777 -0.155693
8344.49 21.9964 1.247754 -1.933891
8346.42 20.0602 2.074814 -3.870092
8348.34 23.5966 3.005416 -0.341913
8350.26 25.1757 2.524697 1.245407
8352.18 21.9419 1.259045 -1.988392
8354.11 21.052 1.143974 -2.878292
8356.03 23.2911 1.410252 -0.630961
8357.95 25.0301 1.52882 1.116459
8359.88 23.9887 1.169205 0.083431
8361.8 22.5944 0.92239 -1.310869
8363.73 23.9065 0.926538 0.00942
8365.66 23.0684 0.950302 -0.823345
8367.58 23.4792 1.166117 -0.404421
8369.51 25.9283 1.313519 2.052769
8371.44 24.4729 1.091494 0.597368
8373.36 23.0493 0.936639 -0.822103
8375.29 24.8173 0.939292 0.953825
8377.22 24.7531 0.942537 0.897476
8379.15 24.0732 0.940338 0.225348
8381.08 23.7932 0.963921 -0.051643
8383.01 22.173 1.341591 -1.664057
8384.94 24.5912 1.554372 0.754543
8386.87 25.9114 1.337847 2.074743
8388.8 24.8798 1.131935 1.044651
8390.73 23.7799 0.918421 -0.050303
8392.67 23.7041 0.934355 -0.120215
8394.6 23.4536 0.930307 -0.370714
8396.53 23.8975 0.933138 0.073185
8398.47 23.7039 0.99319 -0.112944
8400.4 21.899 1.484036 -1.910137
8402.34 25.651 3.163219 1.838768
8404.27 30.0079 3.066475 6.203585
8406.21 22.2338 1.463486 -1.570515
8408.14 25.1608 0.981619 1.357405
8410.08 24.4825 0.952658 0.679104
8412.01 23.9801 0.953467 0.176704
8413.95 24.868 0.987393 1.064604
8415.89 24.6084 1.129185 0.798271
8417.83 23.3738 1.517592 -0.436329
8419.77 26.458 1.692026 2.649075
8421.7 23.1949 1.319158 -0.614025
8423.64 23.6659 1.101027 -0.140552
8425.58 26.0065 1.034013 2.200048
8427.52 25.9287 1.003488 2.129021
8429.46 24.8773 1.037665 1.077621
8431.41 19.1166 1.398206 -4.692003
8433.35 23.7734 2.429777 -0.035204
8435.29 25.376 2.393077 1.571949
8437.23 22.6086 1.342295 -1.19545
8439.18 21.6133 0.977984 -2.19075
8441.12 22.9557 0.915472 -0.846205
8443.06 21.7976 0.91002 -2.004305
8445.01 23.1974 0.91901 -0.604506
8446.95 24.9684 0.942671 1.171968
8448.9 24.9004 0.962393 1.10397
8450.84 23.8019 0.97916 0.00547
8452.79 23.4735 1.040925 -0.313314
8454.74 21.9239 1.312923 -1.862913
8456.68 25.7112 1.446149 1.924387
8458.63 24.5376 1.197179 0.754311
8460.58 23.9137 1.025046 0.140034
8462.53 25.9155 0.962353 2.141834
8464.47 21.7439 0.932558 -2.029766
8466.42 23.4404 1.347606 -0.3281
8468.37 26.6343 2.348926 2.870094
8470.32 25.6867 2.319674 1.927595
8472.27 24.3194 1.477613 0.564697
8474.23 25.2016 1.052292 1.443192
8476.18 24.6661 0.98974 0.907692
8478.13 23.7986 0.99555 0.040192
8480.08 24.6684 1.255254 0.919544
8482.03 25.8683 1.212996 2.124718
8483.99 25.8228 0.949265 2.083597
8485.94 24.7269 0.942457 0.992847
8487.9 24.3615 0.926896 0.636946
8489.85 25.0613 0.937647 1.346382
8491.8 23.97 0.936849 0.264675
8493.76 20.8952 0.933329 -2.800417
8495.72 22.3458 1.144583 -1.340048
8497.67 27.1987 1.43787 3.522703
8499.63 25.3198 1.268861 1.643803
8501.59 23.2389 0.980689 -0.427198
8503.54 24.8163 0.98577 1.150202
8505.5 24.1069 1.18807 0.440802
8507.46 25.0634 1.652353 1.392399
8509.42 27.6257 1.759636 3.963787
8511.38 24.2659 1.371941 0.603987
8513.34 25.443 1.097624 1.791615
8515.3 23.6388 0.994235 -0.005245
8517.26 23.4326 0.986004 -0.203655
8519.22 24.7139 1.01475 1.085209
8521.19 25.2714 1.061393 1.638283
8523.15 25.0091 1.054254 1.375982
8525.11 22.61 0.97678 -1.016571
8527.07 24.5279 0.958187 0.889553
8529.04 24.6783 0.94798 1.03344
8531.0 23.9845 0.957326 0.337454
8532.97 24.3694 0.980666 0.721209
8534.93 23.5121 0.977083 -0.130699
8536.9 24.0654 0.974764 0.429451
8538.86 24.7132 0.993332 1.082609
8540.83 23.2122 1.062628 -0.412911
8542.8 23.028 1.199424 -0.597111
8544.76 23.8333 1.130187 0.220921
8546.73 20.9407 0.95758 -2.658583
8548.7 23.0603 0.963558 -0.525881
8550.67 22.6547 1.076441 -0.918381
8552.64 24.9665 1.282595 1.397333
8554.61 25.7794 1.231953 2.210234
8556.58 22.8447 1.021214 -0.711798
8558.55 23.2131 0.964544 -0.330681
8560.52 24.6672 0.963585 1.135462
8562.49 23.4493 0.961063 -0.070312
8564.46 23.2043 0.940417 -0.315313
8566.43 22.8481 0.943115 -0.671513
8568.41 22.2241 0.940434 -1.282904
8570.38 24.2937 0.97011 0.793316
8572.35 23.8259 0.954561 0.312988
8574.33 24.3193 0.947946 0.80752
8576.3 24.0397 0.953038 0.531528
8578.28 22.6791 0.940056 -0.82258
8580.25 22.8498 0.94519 -0.639799
8582.23 25.5389 0.972254 2.049301
8584.2 22.8574 0.937034 -0.637876
8586.18 22.984 0.931626 -0.5056
8588.16 22.5383 0.954983 -0.9513
8590.14 22.8904 0.982017 -0.593428
8592.11 24.495 1.061653 1.011173
8594.09 23.3072 1.044319 -0.167126
8596.07 23.3923 0.985439 -0.076021
8598.05 24.0816 1.008055 0.608267
8600.03 24.3135 1.092718 0.836487
8602.01 23.2161 1.106981 -0.262173
8603.99 21.8285 0.989852 -1.655863
8605.97 22.5641 0.99022 -0.914173
8607.96 24.0089 1.002964 0.538038
8609.94 24.575 1.043126 1.116463
8611.92 23.9635 1.010235 0.517427
8613.9 22.7904 1.012434 -0.655672
8615.89 22.1891 1.031464 -1.245251
8617.87 22.8675 1.108572 -0.560451
8619.86 23.28 1.174054 -0.147287
8621.84 22.6671 1.195958 -0.755804
8623.83 23.1575 1.227909 -0.265406
8625.81 23.5539 1.344333 0.144169
8627.8 22.3076 1.377511 -1.089535
8629.79 20.8376 1.379174 -2.54826
8631.77 21.2409 1.542098 -2.138687
8633.76 20.7131 1.594055 -2.652197
8635.75 21.9746 1.531514 -1.380112
8637.74 22.4152 1.474981 -0.925096
8639.73 22.1517 1.387482 -1.201548
8641.72 25.2903 1.314452 1.944427
8643.71 22.4633 1.253764 -0.878719
8645.7 24.5001 1.26 1.15077
8647.69 24.7616 1.128154 1.398273
8649.68 23.4199 1.097084 0.050991
8651.67 23.5008 1.232223 0.139223
8653.66 23.6806 1.370827 0.325323
8655.66 24.2991 1.385823 0.951025
8657.65 23.1233 1.54383 -0.231976
8659.64 23.82 1.523371 0.471924
8661.64 23.6081 1.422675 0.261234
8663.63 22.0483 1.684947 -1.289602
8665.63 24.281 1.436911 0.956793
8667.62 23.8758 1.397643 0.564886
8669.62 22.5125 1.435499 -0.806326
8671.62 20.782 1.359694 -2.536827
8673.61 21.4571 1.431813 -1.861727
8675.61 23.9074 1.367747 0.588573
8677.61 23.4508 1.248545 0.144493
8679.61 24.0508 1.293485 0.731707
8681.6 24.7153 1.307115 1.396206
8683.6 23.9811 1.20458 0.675037
8685.6 23.3386 1.307685 0.045578
8687.6 23.7259 1.210109 0.432878
8689.6 24.1677 1.168362 0.888195
8691.61 26.1381 1.186447 2.854298
8693.61 21.9223 1.090079 -1.361502
8695.61 23.1496 1.071183 -0.12023
8697.61 24.6918 1.12661 1.415581
8699.61 22.5189 1.069223 -0.757319
8701.62 25.2906 1.086532 2.010572
8703.62 23.6881 1.100115 0.400696
8705.63 24.2494 1.089504 0.975714
8707.63 21.9648 1.054811 -1.294857
8709.64 21.8964 1.120877 -1.353537
8711.64 24.7205 1.141457 1.484661
8713.65 21.242 1.063812 -1.979816
8715.65 23.0817 1.006995 -0.13085
8717.66 22.4021 1.004727 -0.796797
8719.67 22.995 1.028075 -0.203638
8721.68 24.0748 1.05392 0.884071
8723.69 23.2659 1.052686 0.087973
8725.69 22.9091 1.08031 -0.268827
8727.7 25.4984 1.133704 2.320473
8729.71 22.9864 1.045236 -0.197603
8731.72 22.208 1.034084 -0.978901
8733.73 23.0031 1.025622 -0.17778
8735.75 22.3196 1.01848 -0.867302
8737.76 21.6395 0.990769 -1.560066
8739.77 21.5441 0.999585 -1.666756
8741.78 20.7341 0.979066 -2.476755
8743.8 18.7922 0.990599 -4.412474
8745.81 18.5791 0.97119 -4.612358
8747.82 21.2788 1.018609 -1.912659
8749.84 23.121 1.056171 -0.070457
8751.85 21.3112 1.049955 -1.868887
8753.87 22.4182 1.101733 -0.761887
8755.88 22.6903 1.087911 -0.481657
8757.9 21.9698 1.096114 -1.202156
8759.92 21.5524 1.153647 -1.607422
8761.93 20.088 1.522267 -3.071823
8763.95 18.9966 2.159082 -4.175358
8765.97 25.5822 2.1407 2.408178
8767.99 21.5238 1.942019 -1.657413
8770.01 15.6678 3.032322 -7.519469
8772.03 20.3272 3.269596 -2.846821
8774.05 25.2617 2.264542 2.100573
8776.07 22.9862 1.487172 -0.161802
8778.09 21.2284 1.565336 -1.919603
8780.11 20.6267 2.264885 -2.519651
8782.13 22.3784 2.957312 -0.755133
8784.16 23.0519 2.629522 -0.068357
8786.18 16.4679 1.416493 -6.639507
8788.2 15.5175 1.016274 -7.589907
8790.23 16.1781 0.960349 -6.929306
8792.25 16.6768 1.107304 -6.430607
8794.27 18.662 1.620803 -4.458258
8796.3 21.1831 1.843848 -1.950434
8798.32 20.543 1.326533 -2.590534
8800.35 22.0268 1.141379 -1.097626
8802.38 21.9998 1.06957 -1.128948
8804.4 24.0267 1.127812 0.902147
8806.43 24.6173 1.120058 1.505552
8808.46 22.682 1.115295 -0.416924
8810.49 24.2859 1.116309 1.197302
8812.52 23.1076 1.114877 0.019001
8814.55 23.41 1.15206 0.322887
8816.58 22.0302 1.093249 -1.044106
8818.61 21.6585 1.141594 -1.402719
8820.64 23.5768 1.171745 0.515579
8822.67 22.7057 1.107185 -0.342686
8824.7 22.593 1.080974 -0.443361
8826.73 25.3851 1.324035 2.342552
8828.77 18.5281 2.433486 -4.514448
8830.8 17.6549 4.518582 -5.387648
8832.83 28.1085 3.607272 5.065952
8834.87 24.4172 2.219074 1.374653
8836.9 20.1812 1.643124 -2.849409
8838.94 20.1139 1.807615 -2.91671
8840.97 23.1161 2.632016 0.085491
8843.01 24.172 1.974746 1.151085
8845.04 22.5241 1.191293 -0.490305
8847.08 23.1893 1.123655 0.174896
8849.12 22.2376 1.159032 -0.788961
8851.16 20.4265 1.23975 -2.592964
8853.19 23.69 1.450725 0.668234
8855.23 25.8438 1.527017 2.822033
8857.27 22.864 1.188382 -0.145607
8859.31 22.3059 1.093638 -0.712687
8861.35 21.6119 1.118822 -1.409056
8863.39 21.56 1.126693 -1.460957
8865.43 23.9126 1.213727 0.903938
8867.48 24.2989 1.235394 1.300253
8869.52 22.58 1.609032 -0.414904
8871.56 25.5193 2.388145 2.517591
8873.6 24.6842 2.120263 1.682491
8875.65 23.7649 1.307763 0.771534
8877.69 23.2745 1.119105 0.293787
8879.73 23.0722 1.079378 0.102524
8881.78 22.6866 1.132112 -0.289972
8883.83 22.2539 1.328499 -0.724182
8885.87 25.0224 1.510223 2.050356
8887.92 17.2959 2.847351 -5.678267
8889.96 20.7102 5.702511 -2.262968
8892.01 25.8124 3.895033 2.832193
8894.06 21.5638 1.750074 -1.417507
8896.11 23.2792 1.248491 0.304501
8898.16 22.7769 1.199418 -0.191526
8900.2 23.744 1.200242 0.782528
8902.25 24.7318 1.205257 1.776909
8904.3 23.1927 1.374337 0.244518
8906.35 21.2289 2.407082 -1.714226
8908.41 22.6218 2.65141 -0.32807
8910.46 17.3277 1.515098 -5.628967
8912.51 15.4972 1.161834 -7.445927
8914.56 16.8249 1.089713 -6.111748
8916.61 18.7817 1.068768 -4.14822
8918.67 21.1913 1.248123 -1.741304
8920.72 21.8415 1.804325 -1.098017
8922.78 9.50323 3.053183 -13.4373
8924.83 22.6494 5.58729 -0.284477
8926.89 27.7458 3.095931 4.806849
8928.94 22.5109 1.473222 -0.423765
8931.0 21.7619 1.215534 -1.165257
8933.05 21.3076 1.155325 -1.627066
8935.11 22.112 1.165563 -0.830269
8937.17 20.9671 1.176642 -1.982929
8939.23 20.1796 1.197644 -2.777832
8941.29 22.3305 1.246991 -0.634377
8943.35 23.6858 1.246687 0.713449
8945.4 18.932 1.522088 -4.048096
8947.46 23.1378 2.221789 0.165449
8949.53 24.1008 2.4452 1.120705
8951.59 23.8383 1.511716 0.865675
8953.65 23.3102 1.12295 0.345324
8955.71 22.7466 1.121536 -0.210501
8957.77 23.015 1.338375 0.065338
8959.83 16.8295 2.202371 -6.112652
8961.9 27.1305 4.012481 4.19552
8963.96 29.2946 3.624378 6.363768
8966.03 22.4563 1.926925 -0.467119
8968.09 20.4568 1.430915 -2.458935
8970.16 22.9311 1.213267 0.007681
8972.22 22.193 1.134383 -0.722786
8974.29 23.4767 1.190753 0.568598
8976.35 23.9499 1.305791 1.034113
8978.42 24.1016 1.281955 1.178181
8980.49 24.5934 1.21505 1.662512
8982.56 23.0277 1.133419 0.10445
8984.63 23.6768 1.230237 0.761013
8986.69 24.1584 1.229594 1.250391
8988.76 20.4568 1.292528 -2.443523
8990.83 20.3386 1.738965 -2.554047
8992.9 24.4282 2.29516 1.542374
8994.98 20.3047 1.962256 -2.573088
8997.05 24.4678 1.549042 1.597092
8999.12 24.7221 1.372818 1.859209
9001.19 20.9202 1.270105 -1.950508
9003.26 22.0831 1.66808 -0.781122
9005.34 27.2451 3.6106 4.388723
9007.41 23.4819 3.145556 0.617678
9009.49 24.5265 1.749461 1.670307
9011.56 22.5062 1.371915 -0.342449
9013.64 22.6699 1.149918 -0.171759
9015.71 23.1422 1.118247 0.29355
9017.79 21.5307 1.08637 -1.325989
9019.86 22.6008 1.130961 -0.24785
9021.94 21.9675 1.16259 -0.889189
9024.02 21.6604 1.097553 -1.1908
9026.1 23.1806 1.136433 0.321556
9028.18 23.1417 1.178917 0.285973
9030.25 22.0986 1.231235 -0.748919
