cosmicds/data/spectra/SDSS_J143450.62+033842.5_S.ecsv
# %ECSV 0.9
# ---
# datatype:
# - {name: wavelength, unit: Angstrom, datatype: float64}
# - {name: flux, unit: 1e-16 erg / (Angstrom cm2 s), datatype: float64}
# - {name: uncertainty, unit: 1e-16 erg / (Angstrom cm2 s), datatype: float64}
# - {name: subtracted_sky, unit: 1e-16 erg / (Angstrom cm2 s), datatype: float64}
# meta: !!omap
# - comments: [Wavelength          Flux                Uncertainty          Subtracted Sky, '[Angstrom]   [10^-17 erg/s/cm^2/A] [10^-17
#       erg/s/cm^2/A] [10^-17 erg/s/cm^2/A]']
# schema: astropy-2.0
wavelength flux uncertainty subtracted_sky
3801.89 19.0885 0.0 -0.769857
3802.77 19.086 0.0 -0.772356
3803.65 19.0835 0.0 -0.774857
3804.52 19.081 0.0 -0.777357
3805.4 19.0786 0.0 -0.779756
3806.27 19.0761 0.0 -0.782257
3807.15 19.0736 4.080396 -0.784756
3808.03 15.8625 3.767723 -3.995856
3808.9 20.3288 3.818335 0.470444
3809.78 23.1791 3.643221 3.320744
3810.66 13.7919 3.318178 -6.066457
3811.54 6.51067 3.082956 -13.34769
3812.41 15.2263 3.089851 -4.632056
3813.29 18.8717 3.122455 -0.945049
3814.17 19.3235 3.142061 -0.49325
3815.05 19.7869 3.062259 -0.071457
3815.93 17.0158 3.089674 -2.798222
3816.81 23.0979 3.165277 3.239544
3817.68 17.5859 3.03636 -2.31319
3818.56 23.9276 3.207003 4.025997
3819.44 25.1059 3.154511 5.165726
3820.32 16.6262 3.072157 -3.349598
3821.2 20.2953 3.096881 0.352882
3822.08 22.1128 3.186917 2.188065
3822.96 25.3506 3.325445 5.35111
3823.84 19.3202 3.162836 -0.681202
3824.72 15.7714 3.218695 -4.263811
3825.6 17.43 3.203943 -2.571402
3826.48 12.9662 3.184641 -7.002493
3827.37 14.1262 3.226172 -5.803846
3828.25 11.9414 3.207902 -7.951411
3829.13 23.538 3.389735 3.659344
3830.01 26.2055 3.390855 6.361845
3830.89 17.3702 3.233582 -2.404472
3831.78 24.4377 3.42592 4.696487
3832.66 29.3775 3.468125 9.636288
3833.54 29.8151 3.558552 10.07389
3834.42 33.901 3.598622 14.15979
3835.31 32.8029 3.578325 13.06169
3836.19 25.7437 3.448764 6.002487
3837.07 24.806 3.425833 5.064787
3837.96 24.3854 3.405121 4.644188
3838.84 22.1449 3.320984 2.403687
3839.72 15.7709 3.12136 -3.970313
3840.61 12.5824 3.000974 -7.158813
3841.49 15.4755 3.002719 -4.265713
3842.38 15.5522 2.952101 -4.189013
3843.26 5.83742 2.730152 -13.90379
3844.15 13.3073 2.89339 -6.433913
3845.03 22.3097 3.041031 2.568487
3845.92 24.3263 3.09174 4.585087
3846.8 21.2693 3.070447 1.562403
3847.69 18.0385 2.991492 -1.702713
3848.58 18.4858 2.983122 -1.255413
3849.46 20.6073 2.985926 0.876494
3850.35 19.0207 2.947942 -0.732681
3851.23 17.9048 2.96042 -1.879665
3852.12 20.0453 2.985048 0.229822
3853.01 21.3335 2.989567 1.549814
3853.9 18.9595 2.856455 -0.792955
3854.78 15.2227 2.765969 -4.560986
3855.67 15.8556 2.645836 -3.896854
3856.56 14.6154 2.666126 -5.19701
3857.45 11.4337 2.448812 -8.399589
3858.34 15.2948 2.538006 -4.569742
3859.22 20.1985 2.59123 0.365212
3860.11 17.0781 2.538807 -2.728371
3861.0 16.524 2.531248 -3.309288
3861.89 19.9047 2.682566 0.102182
3862.78 22.1435 2.80255 2.364168
3863.67 21.5733 2.891804 1.810829
3864.56 24.7224 3.017666 4.987652
3865.45 25.466 3.134334 5.728437
3866.34 21.8173 3.03671 2.096367
3867.23 20.673 3.080176 0.976212
3868.12 22.0577 3.002461 2.336765
3869.01 19.2914 2.936114 -0.453194
3869.9 20.1147 2.872105 0.344559
3870.79 21.4992 2.756286 1.70504
3871.68 17.9695 2.682846 -1.849205
3872.58 20.2073 2.643625 0.413139
3873.47 24.8846 2.877331 5.113878
3874.36 18.0768 2.738719 -1.646009
3875.25 21.8934 2.77003 2.193241
3876.14 17.0256 2.581731 -2.650995
3877.04 15.3408 2.505212 -4.359359
3877.93 20.097 2.619318 0.41226
3878.82 21.034 2.553606 1.327837
3879.72 14.1286 2.498345 -5.598433
3880.61 23.9921 2.63167 4.265066
3881.5 20.5305 2.620568 0.803467
3882.4 20.8476 2.59827 1.120567
3883.29 21.5922 2.633102 1.865166
3884.19 18.9717 2.551344 -0.755333
3885.08 21.0146 2.580613 1.287567
3885.97 21.014 2.556166 1.286966
3886.87 19.684 2.498696 -0.043034
3887.76 21.9107 2.540527 2.183666
3888.66 23.2368 2.503374 3.509766
3889.56 21.9842 2.542292 2.257166
3890.45 22.0163 2.482835 2.289267
3891.35 19.4214 2.463435 -0.305634
3892.24 23.3219 2.570592 3.594866
3893.14 21.3411 2.512214 1.614067
3894.04 18.7285 2.500531 -0.976595
3894.93 20.6883 2.509974 0.973759
3895.83 20.0577 2.475316 0.322172
3896.73 14.1634 2.385602 -5.592814
3897.62 16.4888 2.3721 -3.255491
3898.52 22.3958 2.48757 2.646978
3899.42 21.5212 2.46292 1.744595
3900.32 16.729 2.352323 -3.032364
3901.22 20.0228 2.415987 0.242445
3902.11 22.0572 2.460205 2.26841
3903.01 19.5402 2.501822 -0.228876
3903.91 19.8152 2.549544 0.065498
3904.81 19.0611 2.572131 -0.707975
3905.71 16.4859 2.535761 -3.301403
3906.61 17.9454 2.554156 -1.861576
3907.51 17.3677 2.509001 -2.459391
3908.41 19.3374 2.497667 -0.529306
3909.31 13.3914 2.383772 -6.495877
3910.21 15.1628 2.44509 -4.743921
3911.11 22.7521 2.53423 2.824095
3912.01 14.7421 2.499758 -5.166414
3912.91 18.6686 2.597788 -1.218678
3913.81 21.9339 2.664782 2.025387
3914.71 17.2436 2.637962 -2.684404
3915.62 15.9867 2.513706 -3.921814
3916.52 21.8565 2.666771 1.989206
3917.42 22.6348 2.625414 2.786539
3918.32 17.8727 2.514826 -1.955046
3919.22 20.9033 2.530673 1.089287
3920.13 21.3816 2.551901 1.585421
3921.03 19.8424 2.481397 0.03442
3921.93 20.7864 2.491249 0.960947
3922.83 22.1757 2.488941 2.363852
3923.74 19.1185 2.429612 -0.675775
3924.64 19.5711 2.468158 -0.240748
3925.55 22.0586 2.454315 2.246752
3926.45 20.9415 2.505353 1.108719
3927.35 20.0416 2.495015 0.190308
3928.26 24.6287 2.608167 4.759506
3929.16 15.0198 2.463675 -4.867964
3930.07 18.8358 2.464827 -1.054768
3930.97 18.0061 2.447513 -1.906029
3931.88 17.1807 2.380777 -2.709867
3932.78 19.5424 2.366024 -0.367702
3933.69 15.1875 2.196206 -4.722603
3934.59 17.0367 2.177095 -2.853868
3935.5 13.991 2.062391 -5.857202
3936.41 14.7362 2.079097 -5.112001
3937.31 17.0774 2.106206 -2.738823
3938.22 16.8711 2.16721 -2.903767
3939.13 16.6388 2.174581 -3.096081
3940.03 17.3373 2.179104 -2.390736
3940.94 17.6287 2.213636 -2.099335
3941.85 17.0234 2.188441 -2.721249
3942.76 15.9695 2.131044 -3.780884
3943.66 15.0426 2.075457 -4.695786
3944.57 14.6017 2.052981 -5.157568
3945.48 15.1365 2.106449 -4.640565
3946.39 17.1286 2.167347 -2.630669
3947.3 14.8722 2.193805 -4.86948
3948.21 13.1119 2.188991 -6.647367
3949.12 15.3097 2.243247 -4.43198
3950.03 16.3882 2.243286 -3.332687
3950.94 13.955 2.161997 -5.780827
3951.85 16.5899 2.186583 -3.162666
3952.76 18.3169 2.215917 -1.418701
3953.67 20.701 2.283891 0.965399
3954.58 21.3861 2.214933 1.650499
3955.49 15.3039 2.142148 -4.431702
3956.4 19.481 2.175384 -0.254601
3957.31 20.3132 2.206431 0.577599
3958.22 22.4605 2.222359 2.724899
3959.13 20.511 2.550929 0.758434
3960.04 14.6629 2.423974 -5.089665
3960.96 16.3522 2.481221 -3.419813
3961.87 20.8371 2.524705 1.04789
3962.78 17.2996 2.156099 -2.507046
3963.69 21.0309 2.157082 1.205202
3964.61 23.3614 2.186253 3.554754
3965.52 20.3761 2.099692 0.586891
3966.43 21.6192 2.023197 1.849497
3967.35 10.8084 1.850339 -8.978683
3968.26 18.124 1.95814 -1.701696
3969.17 20.9879 2.037222 1.162203
3970.09 18.6923 2.010636 -1.10198
3971.0 19.0737 2.026797 -0.720581
3971.92 19.3072 2.068399 -0.523464
3972.83 18.4678 2.099011 -1.379383
3973.75 19.144 2.129927 -0.703184
3974.66 20.4071 2.181462 0.520502
3975.58 19.2247 2.181379 -0.701218
3976.49 18.888 2.19185 -1.07918
3977.41 25.1248 2.305837 5.116171
3978.32 26.8722 2.327836 6.822895
3979.24 27.7915 2.337393 7.701624
3980.16 25.9742 2.313736 5.842321
3981.07 21.782 2.180161 1.630566
3981.99 18.9391 2.179684 -1.222576
3982.91 19.091 2.111458 -1.11273
3983.82 15.0827 2.088825 -5.1328
3984.74 18.741 2.12457 -1.474501
3985.66 17.1802 2.141337 -3.035299
3986.58 18.3259 2.143107 -1.847549
3987.49 23.3341 2.307955 3.201902
3988.41 19.2068 2.308164 -0.925398
3989.33 23.409 2.45773 3.276802
3990.25 20.374 2.466498 0.238237
3991.17 17.3886 2.450377 -2.747164
3992.09 17.4718 2.513721 -2.705511
3993.01 19.2075 2.558331 -0.992077
3993.93 20.2559 2.538971 0.048889
3994.85 15.7591 2.424821 -4.44791
3995.77 20.2756 2.427578 0.027321
3996.69 18.6023 2.246357 -1.667206
3997.61 16.3653 2.113291 -3.904207
3998.53 19.1609 2.131373 -1.150534
3999.45 18.7607 2.195201 -1.550734
4000.37 19.3239 2.248474 -1.027927
4001.29 17.3191 2.285662 -3.07255
4002.21 22.8714 2.34951 2.440578
4003.13 26.1063 2.418523 5.65082
4004.05 21.602 2.222898 1.142302
4004.98 20.2805 2.084474 -0.224049
4005.9 19.1077 1.977598 -1.396849
4006.82 17.4577 1.939664 -3.06818
4007.74 20.0074 1.988634 -0.531973
4008.67 24.0031 2.109188 3.463726
4009.59 23.8225 2.088106 3.235683
4010.51 19.3628 2.045768 -1.233793
4011.44 19.8815 2.034846 -0.755146
4012.36 21.6996 2.014656 1.052153
4013.28 20.0352 1.996859 -0.656565
4014.21 19.2185 1.976277 -1.457502
4015.13 21.2754 1.931323 0.599398
4016.06 20.0236 1.931359 -0.652403
4016.98 14.1453 1.809831 -6.530703
4017.91 18.1459 1.901481 -2.530102
4018.83 22.0783 1.985405 1.424589
4019.76 23.0261 2.048389 2.327656
4020.68 23.9797 2.053834 3.296391
4021.61 24.9218 2.041118 4.207258
4022.54 21.6511 1.98401 0.917347
4023.46 21.016 1.974381 0.246912
4024.39 20.9608 1.978914 0.149662
4025.32 23.323 2.0046 2.471334
4026.24 24.0426 2.015691 3.190935
4027.17 16.4903 1.906835 -4.344849
4028.1 19.1479 1.960426 -1.723183
4029.03 23.2522 2.041892 2.39982
4029.95 21.8087 2.029245 0.976931
4030.88 18.7642 1.932891 -2.050255
4031.81 18.549 1.903816 -2.274775
4032.74 18.4416 1.8699 -2.372066
4033.67 14.5391 1.764459 -6.294234
4034.6 18.423 1.818293 -2.426788
4035.52 19.3059 1.808871 -1.564039
4036.45 18.7229 1.850688 -2.164879
4037.38 19.5787 1.846159 -1.347553
4038.31 18.1413 1.873014 -2.793228
4039.24 20.2031 1.916201 -0.752821
4040.17 16.7716 1.905187 -4.201614
4041.1 18.3523 1.920313 -2.637522
4042.03 15.5261 1.91263 -5.48398
4042.97 9.68132 1.847296 -11.34453
4043.9 17.6608 1.916821 -3.367765
4044.83 13.2264 1.825757 -7.802166
4045.76 12.8105 1.793039 -8.213771
4046.69 10.3133 1.822607 -10.71097
4047.62 8.23778 1.930801 -12.78649
4048.55 10.328 2.033962 -10.69627
4049.49 12.8333 2.027918 -8.221876
4050.42 15.2855 1.926568 -5.788317
4051.35 14.7917 1.854787 -6.290169
4052.29 16.4731 1.845832 -4.640549
4053.22 17.7259 1.879902 -3.410467
4054.15 17.2218 1.944219 -3.94673
4055.09 18.7745 1.998665 -2.361868
4056.02 17.2984 1.971003 -3.870129
4056.95 17.1626 1.915586 -4.038307
4057.89 17.9369 1.843203 -3.264008
4058.82 17.5645 1.799085 -3.634995
4059.76 17.3293 1.816552 -3.870195
4060.69 20.4382 1.893318 -0.731535
4061.63 21.8516 2.009094 0.666634
4062.56 19.1905 2.021803 -2.02615
4063.5 19.4197 2.091721 -1.828068
4064.43 23.2237 2.13548 1.945757
4065.37 24.0127 2.098355 2.703526
4066.31 17.7016 1.936767 -3.638985
4067.24 18.0095 1.892016 -3.362877
4068.18 22.1239 1.932213 0.722427
4069.12 19.0437 1.900423 -2.386887
4070.05 18.5852 1.895671 -2.8738
4070.99 23.2686 1.995388 1.781208
4071.93 19.5134 1.956876 -1.987831
4072.86 20.5022 1.982045 -0.999031
4073.8 17.4538 1.954255 -4.04743
4074.74 19.0549 1.974654 -2.446331
4075.68 20.2707 1.951689 -1.23053
4076.62 16.7499 1.890964 -4.751329
4077.56 16.5086 1.90021 -4.99263
4078.5 20.0386 1.976918 -1.462629
4079.43 14.7799 1.965035 -6.721331
4080.37 16.1896 1.955738 -5.31163
4081.31 18.1988 1.981294 -3.302431
4082.25 14.3316 1.930318 -7.16963
4083.19 14.0453 1.917557 -7.455931
4084.13 14.3786 1.917053 -7.12263
4085.07 16.4373 2.066879 -5.063931
4086.02 16.9326 2.063558 -4.56863
4086.96 15.9252 1.981197 -5.57603
4087.9 16.3581 1.918217 -5.157928
4088.84 18.5524 1.877531 -2.978104
4089.78 15.5723 1.835604 -5.967554
4090.72 21.4567 1.891417 -0.111322
4091.66 21.446 1.933325 -0.141068
4092.61 19.0405 1.882381 -2.575727
4093.55 19.3367 1.907893 -2.309097
4094.49 16.8856 1.887787 -4.789656
4095.43 22.0861 1.943074 0.410845
4096.38 21.1943 1.907546 -0.480955
4097.32 20.7997 1.856668 -0.875469
4098.26 21.7039 1.860379 -0.000126
4099.21 21.5244 1.870866 -0.208654
4100.15 21.7421 1.938436 -0.021399
4101.1 23.1379 2.023819 1.368654
4102.04 23.9006 2.078019 2.102312
4102.99 22.4731 2.074135 0.703855
4103.93 21.3898 2.023711 -0.408489
4104.88 21.9245 2.009236 0.107428
4105.82 21.3603 1.930239 -0.461384
4106.77 19.726 1.867975 -2.12348
4107.71 21.0267 1.840086 -0.824585
4108.66 20.352 1.853891 -1.499285
4109.6 22.7669 1.839491 0.911366
4110.55 25.354 1.870666 3.483763
4111.5 16.7736 1.707502 -5.096638
4112.44 18.7492 1.708628 -3.14617
4113.39 19.3741 1.733016 -2.53385
4114.34 23.4459 1.780594 1.511984
4115.29 24.2984 1.811799 2.339027
4116.23 20.8084 1.796917 -1.176895
4117.18 24.2288 1.837667 2.257622
4118.13 23.2919 1.842959 1.320723
4119.08 23.6244 1.823828 1.678339
4120.03 21.4056 1.80261 -0.519903
4120.98 19.6566 1.819418 -2.260557
4121.92 21.4711 1.820594 -0.446058
4122.87 23.1116 1.825964 1.169102
4123.82 22.3912 1.785307 0.423582
4124.77 21.8215 1.755827 -0.16691
4125.72 22.9402 1.776897 0.947876
4126.67 22.6239 1.785646 0.640755
4127.62 21.8329 1.817365 -0.174276
4128.57 25.0976 1.882238 3.090425
4129.52 22.2019 1.852093 0.180206
4130.48 22.0104 1.838099 0.000977
4131.43 24.2842 1.843695 2.274776
4132.38 23.8788 1.882662 1.880833
4133.33 21.8385 1.833579 -0.162121
4134.28 24.6279 1.869508 2.616011
4135.23 24.1277 1.845659 2.10437
4136.19 21.985 1.812103 -0.03763
4137.14 22.8601 1.826869 0.825842
4138.09 23.8155 1.868947 1.774195
4139.04 23.6297 1.948145 1.577169
4140.0 26.3276 1.964716 4.27507
4140.95 26.3392 1.886755 4.297894
4141.9 27.2275 1.874646 5.197435
4142.86 23.0827 1.839644 1.041395
4143.81 20.8262 1.793957 -1.226002
4144.77 24.1481 1.820144 2.073469
4145.72 24.1533 1.788359 2.056238
4146.68 23.6512 1.765795 1.554138
4147.63 18.3757 1.690485 -3.721361
4148.59 20.5543 1.749024 -1.566074
4149.54 24.3607 1.866273 2.243429
4150.5 22.3314 1.865776 0.214128
4151.45 20.7357 1.826866 -1.405205
4152.41 20.9754 1.797016 -1.165504
4153.36 22.7336 1.796265 0.592695
4154.32 23.3483 1.804693 1.184307
4155.28 21.744 1.799662 -0.427471
4156.23 21.5025 1.872288 -0.671404
4157.19 25.1918 1.923482 3.040735
4158.15 20.036 1.868748 -2.115065
4159.11 23.7097 1.832839 1.536304
4160.06 22.3723 1.798183 0.175842
4161.02 19.2697 1.785859 -2.950441
4161.98 19.8242 1.815026 -2.372257
4162.94 17.5482 1.747672 -4.648256
4163.9 21.1966 1.802009 -0.999857
4164.86 20.3993 1.798683 -1.809866
4165.82 23.0731 1.79585 0.86766
4166.77 24.4522 1.839781 2.223074
4167.73 21.9075 1.829772 -0.337936
4168.69 24.5673 1.841524 2.321865
4169.65 24.3515 1.842924 2.083281
4170.61 22.2812 1.780753 -0.00939
4171.57 21.2821 1.780386 -1.024326
4172.54 22.4617 1.710504 0.153391
4173.5 23.7359 1.812278 1.406389
4174.46 22.1963 1.843482 -0.133211
4175.42 21.6267 1.83493 -0.71364
4176.38 22.502 1.79081 0.153864
4177.34 21.1081 1.694171 -1.250484
4178.3 18.6813 1.596027 -3.666838
4179.27 18.8854 1.579253 -3.452602
4180.23 21.5506 1.613061 -0.777411
4181.19 19.9843 1.661717 -2.33293
4182.15 22.5862 1.664147 0.268971
4183.12 22.5362 1.768027 0.228651
4184.08 22.0457 1.644465 -0.25107
4185.04 23.8487 1.681932 1.561436
4186.01 23.6968 1.691619 1.420189
4186.97 26.0932 1.701426 3.827412
4187.94 24.2086 1.659164 1.931988
4188.9 23.8349 1.649079 1.536882
4189.86 22.503 1.655988 0.184694
4190.83 19.6587 1.648456 -2.679743
4191.79 22.5808 1.707313 0.221323
4192.76 23.9406 1.746531 1.559778
4193.73 23.9113 1.73311 1.508213
4194.69 20.878 1.672964 -1.539793
4195.66 19.1288 1.595219 -3.31122
4196.62 20.4938 1.616224 -1.94622
4197.59 21.0847 1.605199 -1.35532
4198.56 25.7991 1.617166 3.366491
4199.52 24.6927 1.596235 2.262726
4200.49 22.723 1.56304 0.272989
4201.46 23.0581 1.611453 0.589331
4202.43 24.7328 1.689331 2.26403
4203.39 25.6517 1.722559 3.176689
4204.36 24.2198 1.663445 1.744791
4205.33 25.8896 1.687221 3.392691
4206.3 24.3846 1.601883 1.865656
4207.27 23.5711 1.632008 1.052156
4208.24 25.8226 1.648142 3.303656
4209.2 23.8422 1.659009 1.312172
4210.17 22.3652 1.658129 -0.15415
4211.14 23.3009 1.679894 0.792625
4212.11 25.771 1.700828 3.272987
4213.08 24.43 1.644379 1.943329
4214.05 20.6919 1.564918 -1.7847
4215.02 23.0899 1.576052 0.623222
4215.99 21.9039 1.548964 -0.562248
4216.97 24.7745 1.616239 2.308352
4217.94 22.7637 1.570432 0.293026
4218.91 21.6033 1.605997 -0.864576
4219.88 24.4246 1.649687 1.95417
4220.85 20.6498 1.604777 -1.820219
4221.82 20.9609 1.604917 -1.500036
4222.8 25.0301 1.620829 2.550751
4223.77 23.3113 1.595284 0.831951
4224.74 20.2534 1.513227 -2.225948
4225.71 21.9369 1.536046 -0.562786
4226.69 23.3001 1.569971 0.781721
4227.66 21.507 1.55904 -1.026855
4228.63 24.9775 1.624777 2.423365
4229.61 23.94 1.622898 1.366106
4230.58 21.2766 1.59131 -1.308565
4231.56 22.911 1.596349 0.325834
4232.53 24.3913 1.619627 1.809164
4233.5 23.1664 1.613359 0.584265
4234.48 24.371 1.647648 1.777325
