cosmicds/data/spectra/SDSS_J143450.62+033842.5_S.ecsv
# %ECSV 0.9
# ---
# datatype:
# - {name: wavelength, unit: Angstrom, datatype: float64}
# - {name: flux, unit: 1e-16 erg / (Angstrom cm2 s), datatype: float64}
# - {name: uncertainty, unit: 1e-16 erg / (Angstrom cm2 s), datatype: float64}
# - {name: subtracted_sky, unit: 1e-16 erg / (Angstrom cm2 s), datatype: float64}
# meta: !!omap
# - comments: [Wavelength          Flux                Uncertainty          Subtracted Sky, '[Angstrom]   [10^-17 erg/s/cm^2/A] [10^-17
#       erg/s/cm^2/A] [10^-17 erg/s/cm^2/A]']
# schema: astropy-2.0
wavelength flux uncertainty subtracted_sky
[from data line 3759]
9034.41 24.9555 1.253608 2.117847
9036.49 25.1931 1.206626 2.363459
9038.58 23.3434 1.229155 0.517675
9040.66 22.4183 1.343449 -0.416079
9042.74 24.8514 1.488136 2.02124
9044.82 24.9246 1.356283 2.08621
9046.9 23.8802 1.263182 1.033037
9048.99 22.5929 1.256913 -0.262886
9051.07 20.0662 1.307471 -2.798008
9053.16 22.0625 1.733196 -0.810427
9055.24 27.6104 1.808386 4.729095
9057.33 24.343 1.466105 1.452347
9059.41 21.4543 1.29889 -1.430292
9061.5 20.9062 1.198178 -1.988388
9063.58 23.1067 1.217289 0.203833
9065.67 23.687 1.169719 0.778387
9067.76 22.3634 1.194795 -0.554966
9069.85 25.3556 1.302794 2.428432
9071.94 24.5335 1.364523 1.596252
9074.03 25.3907 1.39116 2.453451
9076.12 25.7566 1.358713 2.819351
9078.21 24.2881 1.246223 1.350851
9080.3 22.239 1.145409 -0.698248
9082.39 21.4115 1.137927 -1.525747
9084.48 22.4158 1.219099 -0.511368
9086.57 23.6967 1.29569 0.77117
9088.66 23.41 1.242524 0.474075
9090.76 22.6422 1.255864 -0.293724
9092.85 22.5926 1.181284 -0.343325
9094.94 22.7439 1.2727 -0.192024
9097.04 25.1239 1.572636 2.178446
9099.13 24.1238 1.652942 1.167736
9101.23 23.7724 1.530945 0.806252
9103.32 23.7618 1.576282 0.785214
9105.42 23.5935 1.781668 0.606724
9107.52 26.0346 1.855163 3.037979
9109.61 22.9757 1.664338 -0.031353
9111.71 24.3524 1.401622 1.335247
9113.81 23.2459 1.313532 0.218531
9115.91 21.26 1.172377 -1.757153
9118.01 22.5092 1.153594 -0.497511
9120.11 22.8647 1.161269 -0.15164
9122.21 23.5283 1.264424 0.522425
9124.31 23.3381 1.209869 0.335312
9126.41 21.7552 1.172161 -1.236984
9128.51 22.0788 1.160215 -0.923988
9130.61 23.6876 1.218268 0.673944
9132.72 20.6771 1.219184 -2.325689
9134.82 22.1375 1.297163 -0.874573
9136.92 23.0222 1.241645 -0.000786
9139.03 24.565 1.336903 1.552927
9141.13 25.2565 1.373344 2.244427
9143.24 24.1089 1.292418 1.096827
9145.34 24.136 1.238777 1.123926
9147.45 22.3476 1.210124 -0.664473
9149.56 23.6145 1.236918 0.602426
9151.66 23.5757 1.266335 0.563627
9153.77 21.1717 1.299105 -1.840374
9155.88 21.0944 1.476449 -1.906466
9157.99 26.159 1.649563 3.146927
9160.1 23.7083 1.574188 0.701942
9162.2 20.318 1.378234 -2.699789
9164.31 22.7965 1.431261 -0.233042
9166.43 24.7177 1.404828 1.699909
9168.54 22.6535 1.256701 -0.352858
9170.65 25.5345 1.246355 2.523397
9172.76 23.8846 1.240343 0.861849
9174.87 23.4026 1.243334 0.367538
9176.98 21.5755 1.242555 -1.471416
9179.1 19.8173 1.292261 -3.21776
9181.21 20.9894 1.279979 -2.034035
9183.33 23.0165 1.263722 -0.01856
9185.44 23.3722 1.247226 0.337139
9187.56 22.8798 1.281606 -0.143635
9189.67 22.5546 1.276967 -0.456503
9191.79 22.7032 1.254125 -0.29882
9193.9 23.0582 1.25994 0.058685
9196.02 23.0585 0.0 0.047665
9198.14 23.0588 0.0 0.0348
9200.26 23.0591 0.0 0.048264
9202.38 23.0594 0.0 0.0354
9204.5 23.0598 0.0 0.035799
9206.62 23.0601 0.0 0.0361
9208.74 23.0604 0.0 0.022678
9210.86 23.0607 0.0 0.032291
9212.98 23.0611 0.0 0.023378
9215.1 23.0614 0.0 0.037804
9217.22 23.0617 0.0 0.052141
9219.34 23.062 0.0 0.059481
9221.47 23.0623 0.0 0.05978
9223.59 23.0627 0.0 0.060181
